01110010100011100100101000010000001100001100111100000001001
00100100011100100100111000011000001100001100111100000001001
00101001001000100100100100010000001100001100111100000001001
01100111001110100100110100011000001100001100111100000001001
00111001001100100100101100011000001100001100111100000001001
00000001111111000100111100010000001100001100111100000001001
01010010111000100100100010010000001100001100111100000001001
00111010000010100100110010011000001100001100111100000001001
01101001011001100100100001010000001100001100111100000001001
00010110111010000100110001011000001100001100111100000001001
00100001001111100100101001011000001100001100111100000001001
01101110000100100100111001010000001100001100111100000001001